1062000
2062000
3062000
4062000
5062000
6062000
7062000
8062000
9062000
10062000
11062000
12062000
13062000
14062000
15062000
16062000
17062000
18062000
19062000
20062000
21062000
22062000
23062000
24062000
25062000
26062000
27062000
28062000
29062000
30062000
1072000
2072000
3072000
4072000
5072000
6072000
7072000
8072000
9072000
10072000
11072000
12072000
13072000
14072000
15072000
16072000
17072000
18072000
19072000
20072000
21072000
22072000
23072000
24072000
25072000
26072000
27072000
28072000
29072000
30072000
31072000
1082000
2082000
3082000
4082000
5082000
6082000
7082000
8082000
9082000
10082000
11082000
12082000
13082000
14082000
15082000
16082000
17082000
18082000
19082000
20082000
21082000
22082000
23082000
24082000
25082000
26082000
27082000
28082000
29082000
30082000
31082000
1092000
2092000
3092000
4092000
5092000
6092000
7092000
8092000
9092000
10092000
11092000
12092000
13092000
14092000
15092000
16092000
17092000
18092000
19092000
20092000
21092000
22092000
23092000
24092000
25092000
26092000
27092000
28092000
29092000
30092000
1102000
